alfa=5.997000000e-01
N=3
PL=37.82000000
iter=2
l=0.427
ThP=8.0e-04


